500
255
255
0
0
255
4
0
255
7
0
255
10
0
255
13
0
255
16
0
255
19
0
255
22
0
255
25
0
255
28
0
255
31
0
255
34
0
255
38
0
255
41
0
255
44
0
255
47
0
255
50
0
255
53
0
255
56
0
255
59
0
255
62
0
255
65
0
255
68
0
255
72
0
255
75
0
255
78
0
255
81
0
255
84
0
255
87
0
255
90
0
255
93
0
255
96
0
255
99
0
255
102
0
255
106
0
255
109
0
255
112
0
255
115
0
255
118
0
255
121
0
255
124
0
255
127
0
255
130
0
255
133
0
255
136
0
255
140
0
255
143
0
255
146
0
255
149
0
255
152
0
255
155
0
255
158
0
255
161
0
255
164
0
255
167
0
255
170
0
255
174
0
255
177
0
255
180
0
255
183
0
255
186
0
255
189
0
255
192
0
255
195
0
255
198
0
255
201
0
255
204
0
255
208
0
255
211
0
255
214
0
255
217
0
255
220
0
255
223
0
255
226
0
255
229
0
255
232
0
255
235
0
255
238
0
255
242
0
255
245
0
255
248
0
255
251
0
255
254
0
254
255
0
251
255
0
248
255
0
245
255
0
242
255
0
238
255
0
235
255
0
232
255
0
229
255
0
226
255
0
223
255
0
220
255
0
217
255
0
214
255
0
211
255
0
208
255
0
204
255
0
201
255
0
198
255
0
195
255
0
192
255
0
189
255
0
186
255
0
183
255
0
180
255
0
177
255
0
174
255
0
170
255
0
167
255
0
164
255
0
161
255
0
158
255
0
155
255
0
152
255
0
149
255
0
146
255
0
143
255
0
140
255
0
136
255
0
133
255
0
130
255
0
127
255
0
124
255
0
121
255
0
118
255
0
115
255
0
112
255
0
109
255
0
106
255
0
102
255
0
99
255
0
96
255
0
93
255
0
90
255
0
87
255
0
84
255
0
81
255
0
78
255
0
75
255
0
72
255
0
68
255
0
65
255
0
62
255
0
59
255
0
56
255
0
53
255
0
50
255
0
47
255
0
44
255
0
41
255
0
38
255
0
34
255
0
31
255
0
28
255
0
25
255
0
22
255
0
19
255
0
16
255
0
13
255
0
10
255
0
7
255
0
4
255
0
0
255
0
0
255
4
0
255
7
0
255
10
0
255
13
0
255
16
0
255
19
0
255
22
0
255
25
0
255
28
0
255
31
0
255
34
0
255
38
0
255
41
0
255
44
0
255
47
0
255
50
0
255
53
0
255
56
0
255
59
0
255
62
0
255
65
0
255
68
0
255
72
0
255
75
0
255
78
0
255
81
0
255
84
0
255
87
0
255
90
0
255
93
0
255
96
0
255
99
0
255
102
0
255
106
0
255
109
0
255
112
0
255
115
0
255
118
0
255
121
0
255
124
0
255
127
0
255
130
0
255
133
0
255
136
0
255
140
0
255
143
0
255
146
0
255
149
0
255
152
0
255
155
0
255
158
0
255
161
0
255
164
0
255
167
0
255
170
0
255
174
0
255
177
0
255
180
0
255
183
0
255
186
0
255
189
0
255
192
0
255
195
0
255
198
0
255
201
0
255
204
0
255
208
0
255
211
0
255
214
0
255
217
0
255
220
0
255
223
0
255
226
0
255
229
0
255
232
0
255
235
0
255
238
0
255
242
0
255
245
0
255
248
0
255
251
0
255
254
0
254
255
0
251
255
0
248
255
0
245
255
0
242
255
0
238
255
0
235
255
0
232
255
0
229
255
0
226
255
0
223
255
0
220
255
0
217
255
0
214
255
0
211
255
0
208
255
0
204
255
0
201
255
0
198
255
0
195
255
0
192
255
0
189
255
0
186
255
0
183
255
0
180
255
0
177
255
0
174
255
0
170
255
0
167
255
0
164
255
0
161
255
0
158
255
0
155
255
0
152
255
0
149
255
0
146
255
0
143
255
0
140
255
0
136
255
0
133
255
0
130
255
0
127
255
0
124
255
0
121
255
0
118
255
0
115
255
0
112
255
0
109
255
0
106
255
0
102
255
0
99
255
0
96
255
0
93
255
0
90
255
0
87
255
0
84
255
0
81
255
0
78
255
0
75
255
0
72
255
0
68
255
0
65
255
0
62
255
0
59
255
0
56
255
0
53
255
0
50
255
0
47
255
0
44
255
0
41
255
0
38
255
0
34
255
0
31
255
0
28
255
0
25
255
0
22
255
0
19
255
0
16
255
0
13
255
0
10
255
0
7
255
0
4
255
0
0
255
4
0
255
7
0
255
10
0
255
13
0
255
16
0
255
19
0
255
22
0
255
25
0
255
28
0
255
31
0
255
34
0
255
38
0
255
41
0
255
44
0
255
47
0
255
50
0
255
53
0
255
56
0
255
59
0
255
62
0
255
65
0
255
68
0
255
72
0
255
75
0
255
78
0
255
81
0
255
84
0
255
87
0
255
90
0
255
93
0
255
96
0
255
99
0
255
102
0
255
106
0
255
109
0
255
112
0
255
115
0
255
118
0
255
121
0
255
124
0
255
127
0
255
130
0
255
133
0
255
136
0
255
140
0
255
143
0
255
146
0
255
149
0
255
152
0
255
155
0
255
158
0
255
161
0
255
164
0
255
167
0
255
170
0
255
174
0
255
177
0
255
180
0
255
183
0
255
186
0
255
189
0
255
192
0
255
195
0
255
198
0
255
201
0
255
204
0
255
208
0
255
211
0
255
214
0
255
217
0
255
220
0
255
223
0
255
226
0
255
229
0
255
232
0
255
235
0
255
238
0
255
242
0
255
245
0
255
248
0
255
251
0
255
254
0
255
255
0
254
255
0
251
255
0
248
255
0
245
255
0
242
255
0
238
255
0
235
255
0
232
255
0
229
255
0
226
255
0
223
255
0
220
255
0
217
255
0
214
255
0
211
255
0
208
255
0
204
255
0
201
255
0
198
255
0
195
255
0
192
255
0
189
255
0
186
255
0
183
255
0
180
255
0
177
255
0
174
255
0
170
255
0
167
255
0
164
255
0
161
255
0
158
255
0
155
255
0
152
255
0
149
255
0
146
255
0
143
255
0
140
255
0
136
255
0
133
255
0
130
255
0
127
255
0
124
255
0
121
255
0
118
255
0
115
255
0
112
255
0
109
255
0
106
255
0
102
255
0
99
255
0
96
255
0
93
255
0
90
255
0
87
255
0
84
255
0
81
255
0
78
255
0
75
255
0
72
255
0
68
255
0
65
255
0
62
255
0
59
255
0
56
255
0
53
255
0
50
255
0
47
255
0
44
255
0
41
255
0
38
255
0
34
255
0
31
255
0
28
255
0
25
255
0
22
255
0
19
255
0
16
255
0
13
255
0
10
255
0
7
255
0
4
255
0
0
255
0
0
255
0
0
255
0
0
255
0
0
